533 262 476.9049999999999 10 10 
533 262 461.995 10 10 
530 351 474.09000000000003 10 10 
530 351 473.09499999999997 10 10 
590 282 496.275 10 10 
631 282 511.78249999999997 10 10 
561 561 488.975 10 10 
571 503 491.1825 10 10 
621 621 522.2950000000001 10 10 
621 563 503.7325000000001 10 10 
698 598 571.732 100 100 
649 649 542.84 10 10 
649 552 519.5875000000002 10 10 
130892 130892 128562.535 10 10 
132820 130892 129223.54749999999 10 10 
133545 131736 130102.09774999994 100 100 
{178.4215178489685}
637 637 531.635 10 10 
637 611 523.3025 10 10 
{15.730927228927612}
654 545 547.7922 100 50 
{57.701672077178955}
698 605 574.178225 200 100 
{356.9071922302246}
132628 131879 129515.32829999998 50 100 
{83.61578369140625}
132889 131488 129888.60612500006 200 100 
{616.1670157909393}
693 600 570.14515 100 100 
{181.9085943698883}
612 612 521.5949999999999 10 10 
612 478 480.04499999999996 10 10 
{14.537778854370117}
