187884.88060505534 190742.45766122598 189799.16542862015 10 10 
187884.88060505534 192568.93120641136 190828.37246886152 10 10 
{235.5416660308838}
181920.3216793993 191233.99132605875 185963.1629723184 50 50 
{316.39731764793396}
52592.75131682556 187695.79932608208 111894.28779982787 100 100 
{727.2747991085052}
12430.418434781557 191010.60118988232 72702.67150054792 150 100 
{1072.6649754047394}
185859.97768119036 192997.54554123015 190470.68650403133 10 10 
179597.1905821768 192997.54554123015 187335.76198988612 10 10 
{38.338884353637695}
